(kicad_pcb (version 20171130) (host pcbnew "(5.1.9)-1")

  (general
    (thickness 1.6)
    (drawings 12)
    (tracks 786)
    (zones 0)
    (modules 51)
    (nets 105)
  )

  (page A4)
  (layers
    (0 F.Cu signal)
    (1 In1.Cu signal)
    (2 In2.Cu signal hide)
    (31 B.Cu signal hide)
    (32 B.Adhes user hide)
    (33 F.Adhes user hide)
    (34 B.Paste user hide)
    (35 F.Paste user hide)
    (36 B.SilkS user hide)
    (37 F.SilkS user hide)
    (38 B.Mask user hide)
    (39 F.Mask user hide)
    (40 Dwgs.User user hide)
    (41 Cmts.User user hide)
    (42 Eco1.User user hide)
    (43 Eco2.User user hide)
    (44 Edge.Cuts user hide)
    (45 Margin user hide)
    (46 B.CrtYd user hide)
    (47 F.CrtYd user)
    (48 B.Fab user hide)
    (49 F.Fab user hide)
  )

  (setup
    (last_trace_width 0.25)
    (user_trace_width 0.3)
    (user_trace_width 0.5)
    (trace_clearance 0.2)
    (zone_clearance 0.508)
    (zone_45_only no)
    (trace_min 0.2)
    (via_size 0.8)
    (via_drill 0.4)
    (via_min_size 0.4)
    (via_min_drill 0.3)
    (uvia_size 0.3)
    (uvia_drill 0.1)
    (uvias_allowed no)
    (uvia_min_size 0.2)
    (uvia_min_drill 0.1)
    (edge_width 0.05)
    (segment_width 0.2)
    (pcb_text_width 0.3)
    (pcb_text_size 1.5 1.5)
    (mod_edge_width 0.12)
    (mod_text_size 1 1)
    (mod_text_width 0.15)
    (pad_size 1.524 1.524)
    (pad_drill 0.762)
    (pad_to_mask_clearance 0)
    (aux_axis_origin 0 0)
    (visible_elements 7FFFFFFF)
    (pcbplotparams
      (layerselection 0x010fc_ffffffff)
      (usegerberextensions false)
      (usegerberattributes true)
      (usegerberadvancedattributes true)
      (creategerberjobfile true)
      (excludeedgelayer true)
      (linewidth 0.100000)
      (plotframeref false)
      (viasonmask false)
      (mode 1)
      (useauxorigin false)
      (hpglpennumber 1)
      (hpglpenspeed 20)
      (hpglpendiameter 15.000000)
      (psnegative false)
      (psa4output false)
      (plotreference true)
      (plotvalue true)
      (plotinvisibletext false)
      (padsonsilk false)
      (subtractmaskfromsilk false)
      (outputformat 1)
      (mirror false)
      (drillshape 0)
      (scaleselection 1)
      (outputdirectory "gerbery/"))
  )

  (net 0 "")
  (net 1 +3V3)
  (net 2 GND)
  (net 3 HS_OSC_IN)
  (net 4 +3.3VA)
  (net 5 "Net-(C12-Pad1)")
  (net 6 VCC)
  (net 7 "Net-(J1-Pad2)")
  (net 8 SYS_JTMS_SWDIO)
  (net 9 SYS_JTCK_SWCLK)
  (net 10 NRST)
  (net 11 I2C_EXTERN_SCL)
  (net 12 I2C_EXTERN_SDA)
  (net 13 USART_EXTERN_RX)
  (net 14 USART_EXTERN_TX)
  (net 15 USART_EXTERN_CLK)
  (net 16 "Net-(J5-Pad1)")
  (net 17 "Net-(J5-Pad3)")
  (net 18 "Net-(J5-Pad5)")
  (net 19 "Net-(J6-Pad5)")
  (net 20 "Net-(J6-Pad3)")
  (net 21 "Net-(J6-Pad1)")
  (net 22 ADC_EXTERN_IN1)
  (net 23 ADC_EXTERN_IN3)
  (net 24 ADC_EXTERN_IN0)
  (net 25 ADC_EXTERN_IN2)
  (net 26 "Net-(Q1-Pad2)")
  (net 27 BOOT0)
  (net 28 HS_OSC_OUT)
  (net 29 GPS_NRESET)
  (net 30 MAGNET_CS)
  (net 31 "Net-(U1-Pad19)")
  (net 32 BOARD_SPI_MISO)
  (net 33 ACCEL_CS)
  (net 34 "Net-(U1-Pad15)")
  (net 35 "Net-(U1-Pad14)")
  (net 36 BOARD_SPI_MOSI)
  (net 37 "Net-(U1-Pad10)")
  (net 38 BOARD_SPI_SCLK)
  (net 39 GYRO_CS)
  (net 40 "Net-(U1-Pad2)")
  (net 41 "Net-(U1-Pad1)")
  (net 42 PRESSURE_CS)
  (net 43 "Net-(U3-Pad2)")
  (net 44 "Net-(U3-Pad3)")
  (net 45 "Net-(U3-Pad4)")
  (net 46 SHIELD_SPI_CS)
  (net 47 SHIELD_SPI_SCLK)
  (net 48 SHIELD_SPI_MISO)
  (net 49 SHIELD_SPI_MOSI)
  (net 50 "Net-(U3-Pad18)")
  (net 51 USART_INTERNAL_TX)
  (net 52 USART_INTERNAL_RX)
  (net 53 "Net-(U3-Pad32)")
  (net 54 "Net-(U3-Pad33)")
  (net 55 "Net-(U3-Pad38)")
  (net 56 "Net-(U4-Pad4)")
  (net 57 "Net-(U5-Pad19)")
  (net 58 "Net-(U5-Pad20)")
  (net 59 "Net-(U5-Pad21)")
  (net 60 "Net-(U5-Pad22)")
  (net 61 "Net-(U5-Pad25)")
  (net 62 "Net-(U7-Pad7)")
  (net 63 "Net-(U7-Pad8)")
  (net 64 "Net-(U7-Pad9)")
  (net 65 "Net-(U7-Pad12)")
  (net 66 "Net-(U7-Pad19)")
  (net 67 "Net-(J7-Pad3)")
  (net 68 "Net-(J7-Pad5)")
  (net 69 "Net-(J7-Pad7)")
  (net 70 "Net-(J7-Pad8)")
  (net 71 "Net-(J7-Pad10)")
  (net 72 "Net-(J7-Pad11)")
  (net 73 "Net-(J7-Pad12)")
  (net 74 "Net-(J7-Pad13)")
  (net 75 "Net-(J7-Pad15)")
  (net 76 "Net-(J7-Pad16)")
  (net 77 "Net-(J7-Pad18)")
  (net 78 "Net-(J7-Pad22)")
  (net 79 "Net-(J7-Pad26)")
  (net 80 "Net-(J7-Pad27)")
  (net 81 "Net-(J7-Pad28)")
  (net 82 "Net-(J7-Pad29)")
  (net 83 "Net-(J7-Pad31)")
  (net 84 "Net-(J7-Pad32)")
  (net 85 "Net-(J7-Pad33)")
  (net 86 "Net-(J7-Pad35)")
  (net 87 "Net-(J7-Pad36)")
  (net 88 "Net-(J7-Pad37)")
  (net 89 "Net-(J7-Pad38)")
  (net 90 "Net-(J7-Pad40)")
  (net 91 "Net-(J5-Pad7)")
  (net 92 "Net-(J5-Pad9)")
  (net 93 "Net-(J5-Pad11)")
  (net 94 "Net-(J6-Pad7)")
  (net 95 "Net-(J6-Pad9)")
  (net 96 "Net-(J6-Pad11)")
  (net 97 "Net-(D1-Pad1)")
  (net 98 "Net-(D2-Pad2)")
  (net 99 "Net-(D2-Pad1)")
  (net 100 STATUS)
  (net 101 "Net-(U3-Pad45)")
  (net 102 "Net-(U3-Pad46)")
  (net 103 "Net-(J7-Pad2)")
  (net 104 "Net-(J7-Pad4)")

  (net_class Default "This is the default net class."
    (clearance 0.2)
    (trace_width 0.25)
    (via_dia 0.8)
    (via_drill 0.4)
    (uvia_dia 0.3)
    (uvia_drill 0.1)
    (add_net +3.3VA)
    (add_net +3V3)
    (add_net ACCEL_CS)
    (add_net ADC_EXTERN_IN0)
    (add_net ADC_EXTERN_IN1)
    (add_net ADC_EXTERN_IN2)
    (add_net ADC_EXTERN_IN3)
    (add_net BOARD_SPI_MISO)
    (add_net BOARD_SPI_MOSI)
    (add_net BOARD_SPI_SCLK)
    (add_net BOOT0)
    (add_net GND)
    (add_net GPS_NRESET)
    (add_net GYRO_CS)
    (add_net HS_OSC_IN)
    (add_net HS_OSC_OUT)
    (add_net I2C_EXTERN_SCL)
    (add_net I2C_EXTERN_SDA)
    (add_net MAGNET_CS)
    (add_net NRST)
    (add_net "Net-(C12-Pad1)")
    (add_net "Net-(D1-Pad1)")
    (add_net "Net-(D2-Pad1)")
    (add_net "Net-(D2-Pad2)")
    (add_net "Net-(J1-Pad2)")
    (add_net "Net-(J5-Pad1)")
    (add_net "Net-(J5-Pad11)")
    (add_net "Net-(J5-Pad3)")
    (add_net "Net-(J5-Pad5)")
    (add_net "Net-(J5-Pad7)")
    (add_net "Net-(J5-Pad9)")
    (add_net "Net-(J6-Pad1)")
    (add_net "Net-(J6-Pad11)")
    (add_net "Net-(J6-Pad3)")
    (add_net "Net-(J6-Pad5)")
    (add_net "Net-(J6-Pad7)")
    (add_net "Net-(J6-Pad9)")
    (add_net "Net-(J7-Pad10)")
    (add_net "Net-(J7-Pad11)")
    (add_net "Net-(J7-Pad12)")
    (add_net "Net-(J7-Pad13)")
    (add_net "Net-(J7-Pad15)")
    (add_net "Net-(J7-Pad16)")
    (add_net "Net-(J7-Pad18)")
    (add_net "Net-(J7-Pad2)")
    (add_net "Net-(J7-Pad22)")
    (add_net "Net-(J7-Pad26)")
    (add_net "Net-(J7-Pad27)")
    (add_net "Net-(J7-Pad28)")
    (add_net "Net-(J7-Pad29)")
    (add_net "Net-(J7-Pad3)")
    (add_net "Net-(J7-Pad31)")
    (add_net "Net-(J7-Pad32)")
    (add_net "Net-(J7-Pad33)")
    (add_net "Net-(J7-Pad35)")
    (add_net "Net-(J7-Pad36)")
    (add_net "Net-(J7-Pad37)")
    (add_net "Net-(J7-Pad38)")
    (add_net "Net-(J7-Pad4)")
    (add_net "Net-(J7-Pad40)")
    (add_net "Net-(J7-Pad5)")
    (add_net "Net-(J7-Pad7)")
    (add_net "Net-(J7-Pad8)")
    (add_net "Net-(Q1-Pad2)")
    (add_net "Net-(U1-Pad1)")
    (add_net "Net-(U1-Pad10)")
    (add_net "Net-(U1-Pad14)")
    (add_net "Net-(U1-Pad15)")
    (add_net "Net-(U1-Pad19)")
    (add_net "Net-(U1-Pad2)")
    (add_net "Net-(U3-Pad18)")
    (add_net "Net-(U3-Pad2)")
    (add_net "Net-(U3-Pad3)")
    (add_net "Net-(U3-Pad32)")
    (add_net "Net-(U3-Pad33)")
    (add_net "Net-(U3-Pad38)")
    (add_net "Net-(U3-Pad4)")
    (add_net "Net-(U3-Pad45)")
    (add_net "Net-(U3-Pad46)")
    (add_net "Net-(U4-Pad4)")
    (add_net "Net-(U5-Pad19)")
    (add_net "Net-(U5-Pad20)")
    (add_net "Net-(U5-Pad21)")
    (add_net "Net-(U5-Pad22)")
    (add_net "Net-(U5-Pad25)")
    (add_net "Net-(U7-Pad12)")
    (add_net "Net-(U7-Pad19)")
    (add_net "Net-(U7-Pad7)")
    (add_net "Net-(U7-Pad8)")
    (add_net "Net-(U7-Pad9)")
    (add_net PRESSURE_CS)
    (add_net SHIELD_SPI_CS)
    (add_net SHIELD_SPI_MISO)
    (add_net SHIELD_SPI_MOSI)
    (add_net SHIELD_SPI_SCLK)
    (add_net STATUS)
    (add_net SYS_JTCK_SWCLK)
    (add_net SYS_JTMS_SWDIO)
    (add_net USART_EXTERN_CLK)
    (add_net USART_EXTERN_RX)
    (add_net USART_EXTERN_TX)
    (add_net USART_INTERNAL_RX)
    (add_net USART_INTERNAL_TX)
    (add_net VCC)
  )

  (net_class PowerSupply ""
    (clearance 0.25)
    (trace_width 0.4)
    (via_dia 0.8)
    (via_drill 0.4)
    (uvia_dia 0.3)
    (uvia_drill 0.1)
  )

  (module Capacitor_SMD:C_0603_1608Metric (layer F.Cu) (tedit 5F68FEEE) (tstamp 638926A4)
    (at 75.96 51.37 270)
    (descr "Capacitor SMD 0603 (1608 Metric), square (rectangular) end terminal, IPC_7351 nominal, (Body size source: IPC-SM-782 page 76, https://www.pcb-3d.com/wordpress/wp-content/uploads/ipc-sm-782a_amendment_1_and_2.pdf), generated with kicad-footprint-generator")
    (tags capacitor)
    (path /62C99CCA/62E12493)
    (attr smd)
    (fp_text reference C1 (at 0 -1.43 90) (layer F.SilkS)
      (effects (font (size 1 1) (thickness 0.15)))
    )
    (fp_text value 100nF (at 0 1.43 90) (layer F.Fab)
      (effects (font (size 1 1) (thickness 0.15)))
    )
    (fp_line (start -0.8 0.4) (end -0.8 -0.4) (layer F.Fab) (width 0.1))
    (fp_line (start -0.8 -0.4) (end 0.8 -0.4) (layer F.Fab) (width 0.1))
    (fp_line (start 0.8 -0.4) (end 0.8 0.4) (layer F.Fab) (width 0.1))
    (fp_line (start 0.8 0.4) (end -0.8 0.4) (layer F.Fab) (width 0.1))
    (fp_line (start -0.14058 -0.51) (end 0.14058 -0.51) (layer F.SilkS) (width 0.12))
    (fp_line (start -0.14058 0.51) (end 0.14058 0.51) (layer F.SilkS) (width 0.12))
    (fp_line (start -1.48 0.73) (end -1.48 -0.73) (layer F.CrtYd) (width 0.05))
    (fp_line (start -1.48 -0.73) (end 1.48 -0.73) (layer F.CrtYd) (width 0.05))
    (fp_line (start 1.48 -0.73) (end 1.48 0.73) (layer F.CrtYd) (width 0.05))
    (fp_line (start 1.48 0.73) (end -1.48 0.73) (layer F.CrtYd) (width 0.05))
    (fp_text user %R (at 0 0 90) (layer F.Fab)
      (effects (font (size 0.4 0.4) (thickness 0.06)))
    )
    (pad 1 smd roundrect (at -0.775 0 270) (size 0.9 0.95) (layers F.Cu F.Paste F.Mask) (roundrect_rratio 0.25)
      (net 1 +3V3))
    (pad 2 smd roundrect (at 0.775 0 270) (size 0.9 0.95) (layers F.Cu F.Paste F.Mask) (roundrect_rratio 0.25)
      (net 2 GND))
    (model ${KISYS3DMOD}/Capacitor_SMD.3dshapes/C_0603_1608Metric.wrl
      (at (xyz 0 0 0))
      (scale (xyz 1 1 1))
      (rotate (xyz 0 0 0))
    )
  )

  (module Capacitor_SMD:C_0603_1608Metric (layer F.Cu) (tedit 5F68FEEE) (tstamp 638926F9)
    (at 64.725 66.9 270)
    (descr "Capacitor SMD 0603 (1608 Metric), square (rectangular) end terminal, IPC_7351 nominal, (Body size source: IPC-SM-782 page 76, https://www.pcb-3d.com/wordpress/wp-content/uploads/ipc-sm-782a_amendment_1_and_2.pdf), generated with kicad-footprint-generator")
    (tags capacitor)
    (path /62CAEE1A/62DF6B98)
    (attr smd)
    (fp_text reference C6 (at 0 -1.43 90) (layer F.SilkS)
      (effects (font (size 1 1) (thickness 0.15)))
    )
    (fp_text value 100n (at 0 1.43 90) (layer F.Fab)
      (effects (font (size 1 1) (thickness 0.15)))
    )
    (fp_line (start -0.8 0.4) (end -0.8 -0.4) (layer F.Fab) (width 0.1))
    (fp_line (start -0.8 -0.4) (end 0.8 -0.4) (layer F.Fab) (width 0.1))
    (fp_line (start 0.8 -0.4) (end 0.8 0.4) (layer F.Fab) (width 0.1))
    (fp_line (start 0.8 0.4) (end -0.8 0.4) (layer F.Fab) (width 0.1))
    (fp_line (start -0.14058 -0.51) (end 0.14058 -0.51) (layer F.SilkS) (width 0.12))
    (fp_line (start -0.14058 0.51) (end 0.14058 0.51) (layer F.SilkS) (width 0.12))
    (fp_line (start -1.48 0.73) (end -1.48 -0.73) (layer F.CrtYd) (width 0.05))
    (fp_line (start -1.48 -0.73) (end 1.48 -0.73) (layer F.CrtYd) (width 0.05))
    (fp_line (start 1.48 -0.73) (end 1.48 0.73) (layer F.CrtYd) (width 0.05))
    (fp_line (start 1.48 0.73) (end -1.48 0.73) (layer F.CrtYd) (width 0.05))
    (fp_text user %R (at 0 0 90) (layer F.Fab)
      (effects (font (size 0.4 0.4) (thickness 0.06)))
    )
    (pad 1 smd roundrect (at -0.775 0 270) (size 0.9 0.95) (layers F.Cu F.Paste F.Mask) (roundrect_rratio 0.25)
      (net 1 +3V3))
    (pad 2 smd roundrect (at 0.775 0 270) (size 0.9 0.95) (layers F.Cu F.Paste F.Mask) (roundrect_rratio 0.25)
      (net 2 GND))
    (model ${KISYS3DMOD}/Capacitor_SMD.3dshapes/C_0603_1608Metric.wrl
      (at (xyz 0 0 0))
      (scale (xyz 1 1 1))
      (rotate (xyz 0 0 0))
    )
  )

  (module Capacitor_SMD:C_0603_1608Metric (layer F.Cu) (tedit 5F68FEEE) (tstamp 6389270A)
    (at 77.978 65.024)
    (descr "Capacitor SMD 0603 (1608 Metric), square (rectangular) end terminal, IPC_7351 nominal, (Body size source: IPC-SM-782 page 76, https://www.pcb-3d.com/wordpress/wp-content/uploads/ipc-sm-782a_amendment_1_and_2.pdf), generated with kicad-footprint-generator")
    (tags capacitor)
    (path /62CAEE1A/62CCA2E5)
    (attr smd)
    (fp_text reference C7 (at 0 -1.43) (layer F.SilkS)
      (effects (font (size 1 1) (thickness 0.15)))
    )
    (fp_text value 12p (at 0 1.43) (layer F.Fab)
      (effects (font (size 1 1) (thickness 0.15)))
    )
    (fp_line (start 1.48 0.73) (end -1.48 0.73) (layer F.CrtYd) (width 0.05))
    (fp_line (start 1.48 -0.73) (end 1.48 0.73) (layer F.CrtYd) (width 0.05))
    (fp_line (start -1.48 -0.73) (end 1.48 -0.73) (layer F.CrtYd) (width 0.05))
    (fp_line (start -1.48 0.73) (end -1.48 -0.73) (layer F.CrtYd) (width 0.05))
    (fp_line (start -0.14058 0.51) (end 0.14058 0.51) (layer F.SilkS) (width 0.12))
    (fp_line (start -0.14058 -0.51) (end 0.14058 -0.51) (layer F.SilkS) (width 0.12))
    (fp_line (start 0.8 0.4) (end -0.8 0.4) (layer F.Fab) (width 0.1))
    (fp_line (start 0.8 -0.4) (end 0.8 0.4) (layer F.Fab) (width 0.1))
    (fp_line (start -0.8 -0.4) (end 0.8 -0.4) (layer F.Fab) (width 0.1))
    (fp_line (start -0.8 0.4) (end -0.8 -0.4) (layer F.Fab) (width 0.1))
    (fp_text user %R (at 0 0) (layer F.Fab)
      (effects (font (size 0.4 0.4) (thickness 0.06)))
    )
    (pad 2 smd roundrect (at 0.775 0) (size 0.9 0.95) (layers F.Cu F.Paste F.Mask) (roundrect_rratio 0.25)
      (net 2 GND))
    (pad 1 smd roundrect (at -0.775 0) (size 0.9 0.95) (layers F.Cu F.Paste F.Mask) (roundrect_rratio 0.25)
      (net 3 HS_OSC_IN))
    (model ${KISYS3DMOD}/Capacitor_SMD.3dshapes/C_0603_1608Metric.wrl
      (at (xyz 0 0 0))
      (scale (xyz 1 1 1))
      (rotate (xyz 0 0 0))
    )
  )

  (module Capacitor_SMD:C_0603_1608Metric (layer F.Cu) (tedit 5F68FEEE) (tstamp 638926E8)
    (at 73.87 66.95 270)
    (descr "Capacitor SMD 0603 (1608 Metric), square (rectangular) end terminal, IPC_7351 nominal, (Body size source: IPC-SM-782 page 76, https://www.pcb-3d.com/wordpress/wp-content/uploads/ipc-sm-782a_amendment_1_and_2.pdf), generated with kicad-footprint-generator")
    (tags capacitor)
    (path /62CAEE1A/62DF6B92)
    (attr smd)
    (fp_text reference C5 (at 0 -1.43 90) (layer F.SilkS)
      (effects (font (size 1 1) (thickness 0.15)))
    )
    (fp_text value 100n (at 0 1.43 90) (layer F.Fab)
      (effects (font (size 1 1) (thickness 0.15)))
    )
    (fp_line (start 1.48 0.73) (end -1.48 0.73) (layer F.CrtYd) (width 0.05))
    (fp_line (start 1.48 -0.73) (end 1.48 0.73) (layer F.CrtYd) (width 0.05))
    (fp_line (start -1.48 -0.73) (end 1.48 -0.73) (layer F.CrtYd) (width 0.05))
    (fp_line (start -1.48 0.73) (end -1.48 -0.73) (layer F.CrtYd) (width 0.05))
    (fp_line (start -0.14058 0.51) (end 0.14058 0.51) (layer F.SilkS) (width 0.12))
    (fp_line (start -0.14058 -0.51) (end 0.14058 -0.51) (layer F.SilkS) (width 0.12))
    (fp_line (start 0.8 0.4) (end -0.8 0.4) (layer F.Fab) (width 0.1))
    (fp_line (start 0.8 -0.4) (end 0.8 0.4) (layer F.Fab) (width 0.1))
    (fp_line (start -0.8 -0.4) (end 0.8 -0.4) (layer F.Fab) (width 0.1))
    (fp_line (start -0.8 0.4) (end -0.8 -0.4) (layer F.Fab) (width 0.1))
    (fp_text user %R (at 0 0 90) (layer F.Fab)
      (effects (font (size 0.4 0.4) (thickness 0.06)))
    )
    (pad 2 smd roundrect (at 0.775 0 270) (size 0.9 0.95) (layers F.Cu F.Paste F.Mask) (roundrect_rratio 0.25)
      (net 2 GND))
    (pad 1 smd roundrect (at -0.775 0 270) (size 0.9 0.95) (layers F.Cu F.Paste F.Mask) (roundrect_rratio 0.25)
      (net 1 +3V3))
    (model ${KISYS3DMOD}/Capacitor_SMD.3dshapes/C_0603_1608Metric.wrl
      (at (xyz 0 0 0))
      (scale (xyz 1 1 1))
      (rotate (xyz 0 0 0))
    )
  )

  (module Capacitor_SMD:C_0603_1608Metric (layer F.Cu) (tedit 5F68FEEE) (tstamp 6389272C)
    (at 75.43 67.05 270)
    (descr "Capacitor SMD 0603 (1608 Metric), square (rectangular) end terminal, IPC_7351 nominal, (Body size source: IPC-SM-782 page 76, https://www.pcb-3d.com/wordpress/wp-content/uploads/ipc-sm-782a_amendment_1_and_2.pdf), generated with kicad-footprint-generator")
    (tags capacitor)
    (path /62CAEE1A/62DF6B9E)
    (attr smd)
    (fp_text reference C9 (at 0 -1.43 90) (layer F.SilkS)
      (effects (font (size 1 1) (thickness 0.15)))
    )
    (fp_text value 100n (at 0 1.43 90) (layer F.Fab)
      (effects (font (size 1 1) (thickness 0.15)))
    )
    (fp_line (start 1.48 0.73) (end -1.48 0.73) (layer F.CrtYd) (width 0.05))
    (fp_line (start 1.48 -0.73) (end 1.48 0.73) (layer F.CrtYd) (width 0.05))
    (fp_line (start -1.48 -0.73) (end 1.48 -0.73) (layer F.CrtYd) (width 0.05))
    (fp_line (start -1.48 0.73) (end -1.48 -0.73) (layer F.CrtYd) (width 0.05))
    (fp_line (start -0.14058 0.51) (end 0.14058 0.51) (layer F.SilkS) (width 0.12))
    (fp_line (start -0.14058 -0.51) (end 0.14058 -0.51) (layer F.SilkS) (width 0.12))
    (fp_line (start 0.8 0.4) (end -0.8 0.4) (layer F.Fab) (width 0.1))
    (fp_line (start 0.8 -0.4) (end 0.8 0.4) (layer F.Fab) (width 0.1))
    (fp_line (start -0.8 -0.4) (end 0.8 -0.4) (layer F.Fab) (width 0.1))
    (fp_line (start -0.8 0.4) (end -0.8 -0.4) (layer F.Fab) (width 0.1))
    (fp_text user %R (at 0 0 90) (layer F.Fab)
      (effects (font (size 0.4 0.4) (thickness 0.06)))
    )
    (pad 2 smd roundrect (at 0.775 0 270) (size 0.9 0.95) (layers F.Cu F.Paste F.Mask) (roundrect_rratio 0.25)
      (net 2 GND))
    (pad 1 smd roundrect (at -0.775 0 270) (size 0.9 0.95) (layers F.Cu F.Paste F.Mask) (roundrect_rratio 0.25)
      (net 1 +3V3))
    (model ${KISYS3DMOD}/Capacitor_SMD.3dshapes/C_0603_1608Metric.wrl
      (at (xyz 0 0 0))
      (scale (xyz 1 1 1))
      (rotate (xyz 0 0 0))
    )
  )

  (module Capacitor_SMD:C_0603_1608Metric (layer F.Cu) (tedit 5F68FEEE) (tstamp 6389275F)
    (at 79.29 58.86 90)
    (descr "Capacitor SMD 0603 (1608 Metric), square (rectangular) end terminal, IPC_7351 nominal, (Body size source: IPC-SM-782 page 76, https://www.pcb-3d.com/wordpress/wp-content/uploads/ipc-sm-782a_amendment_1_and_2.pdf), generated with kicad-footprint-generator")
    (tags capacitor)
    (path /62CAEE1A/62CCA2EB)
    (attr smd)
    (fp_text reference C12 (at 0 -1.43 90) (layer F.SilkS)
      (effects (font (size 1 1) (thickness 0.15)))
    )
    (fp_text value 12p (at 0 1.43 90) (layer F.Fab)
      (effects (font (size 1 1) (thickness 0.15)))
    )
    (fp_line (start -0.8 0.4) (end -0.8 -0.4) (layer F.Fab) (width 0.1))
    (fp_line (start -0.8 -0.4) (end 0.8 -0.4) (layer F.Fab) (width 0.1))
    (fp_line (start 0.8 -0.4) (end 0.8 0.4) (layer F.Fab) (width 0.1))
    (fp_line (start 0.8 0.4) (end -0.8 0.4) (layer F.Fab) (width 0.1))
    (fp_line (start -0.14058 -0.51) (end 0.14058 -0.51) (layer F.SilkS) (width 0.12))
    (fp_line (start -0.14058 0.51) (end 0.14058 0.51) (layer F.SilkS) (width 0.12))
    (fp_line (start -1.48 0.73) (end -1.48 -0.73) (layer F.CrtYd) (width 0.05))
    (fp_line (start -1.48 -0.73) (end 1.48 -0.73) (layer F.CrtYd) (width 0.05))
    (fp_line (start 1.48 -0.73) (end 1.48 0.73) (layer F.CrtYd) (width 0.05))
    (fp_line (start 1.48 0.73) (end -1.48 0.73) (layer F.CrtYd) (width 0.05))
    (fp_text user %R (at 0 0 90) (layer F.Fab)
      (effects (font (size 0.4 0.4) (thickness 0.06)))
    )
    (pad 1 smd roundrect (at -0.775 0 90) (size 0.9 0.95) (layers F.Cu F.Paste F.Mask) (roundrect_rratio 0.25)
      (net 5 "Net-(C12-Pad1)"))
    (pad 2 smd roundrect (at 0.775 0 90) (size 0.9 0.95) (layers F.Cu F.Paste F.Mask) (roundrect_rratio 0.25)
      (net 2 GND))
    (model ${KISYS3DMOD}/Capacitor_SMD.3dshapes/C_0603_1608Metric.wrl
      (at (xyz 0 0 0))
      (scale (xyz 1 1 1))
      (rotate (xyz 0 0 0))
    )
  )

  (module Resistor_SMD:R_0805_2012Metric (layer F.Cu) (tedit 5F68FEEE) (tstamp 638927B4)
    (at 76.327 54.229 180)
    (descr "Resistor SMD 0805 (2012 Metric), square (rectangular) end terminal, IPC_7351 nominal, (Body size source: IPC-SM-782 page 72, https://www.pcb-3d.com/wordpress/wp-content/uploads/ipc-sm-782a_amendment_1_and_2.pdf), generated with kicad-footprint-generator")
    (tags resistor)
    (path /62CAEE1A/62CC5C9A)
    (attr smd)
    (fp_text reference FB1 (at 0 -1.65) (layer F.SilkS)
      (effects (font (size 1 1) (thickness 0.15)))
    )
    (fp_text value Ferrite_Bead_Small (at 0 1.65) (layer F.Fab)
      (effects (font (size 1 1) (thickness 0.15)))
    )
    (fp_line (start -1 0.625) (end -1 -0.625) (layer F.Fab) (width 0.1))
    (fp_line (start -1 -0.625) (end 1 -0.625) (layer F.Fab) (width 0.1))
    (fp_line (start 1 -0.625) (end 1 0.625) (layer F.Fab) (width 0.1))
    (fp_line (start 1 0.625) (end -1 0.625) (layer F.Fab) (width 0.1))
    (fp_line (start -0.227064 -0.735) (end 0.227064 -0.735) (layer F.SilkS) (width 0.12))
    (fp_line (start -0.227064 0.735) (end 0.227064 0.735) (layer F.SilkS) (width 0.12))
    (fp_line (start -1.68 0.95) (end -1.68 -0.95) (layer F.CrtYd) (width 0.05))
    (fp_line (start -1.68 -0.95) (end 1.68 -0.95) (layer F.CrtYd) (width 0.05))
    (fp_line (start 1.68 -0.95) (end 1.68 0.95) (layer F.CrtYd) (width 0.05))
    (fp_line (start 1.68 0.95) (end -1.68 0.95) (layer F.CrtYd) (width 0.05))
    (fp_text user %R (at 0 0) (layer F.Fab)
      (effects (font (size 0.5 0.5) (thickness 0.08)))
    )
    (pad 1 smd roundrect (at -0.9125 0 180) (size 1.025 1.4) (layers F.Cu F.Paste F.Mask) (roundrect_rratio 0.243902)
      (net 1 +3V3))
    (pad 2 smd roundrect (at 0.9125 0 180) (size 1.025 1.4) (layers F.Cu F.Paste F.Mask) (roundrect_rratio 0.243902)
      (net 4 +3.3VA))
    (model ${KISYS3DMOD}/Resistor_SMD.3dshapes/R_0805_2012Metric.wrl
      (at (xyz 0 0 0))
      (scale (xyz 1 1 1))
      (rotate (xyz 0 0 0))
    )
  )

  (module Capacitor_SMD:C_0603_1608Metric (layer F.Cu) (tedit 5F68FEEE) (tstamp 6389271B)
    (at 76.525 57.7)
    (descr "Capacitor SMD 0603 (1608 Metric), square (rectangular) end terminal, IPC_7351 nominal, (Body size source: IPC-SM-782 page 76, https://www.pcb-3d.com/wordpress/wp-content/uploads/ipc-sm-782a_amendment_1_and_2.pdf), generated with kicad-footprint-generator")
    (tags capacitor)
    (path /62CAEE1A/62CC5C76)
    (attr smd)
    (fp_text reference C8 (at 0 -1.43) (layer F.SilkS)
      (effects (font (size 1 1) (thickness 0.15)))
    )
    (fp_text value 1u (at 0 1.43) (layer F.Fab)
      (effects (font (size 1 1) (thickness 0.15)))
    )
    (fp_line (start -0.8 0.4) (end -0.8 -0.4) (layer F.Fab) (width 0.1))
    (fp_line (start -0.8 -0.4) (end 0.8 -0.4) (layer F.Fab) (width 0.1))
    (fp_line (start 0.8 -0.4) (end 0.8 0.4) (layer F.Fab) (width 0.1))
    (fp_line (start 0.8 0.4) (end -0.8 0.4) (layer F.Fab) (width 0.1))
    (fp_line (start -0.14058 -0.51) (end 0.14058 -0.51) (layer F.SilkS) (width 0.12))
    (fp_line (start -0.14058 0.51) (end 0.14058 0.51) (layer F.SilkS) (width 0.12))
    (fp_line (start -1.48 0.73) (end -1.48 -0.73) (layer F.CrtYd) (width 0.05))
    (fp_line (start -1.48 -0.73) (end 1.48 -0.73) (layer F.CrtYd) (width 0.05))
    (fp_line (start 1.48 -0.73) (end 1.48 0.73) (layer F.CrtYd) (width 0.05))
    (fp_line (start 1.48 0.73) (end -1.48 0.73) (layer F.CrtYd) (width 0.05))
    (fp_text user %R (at 0 0) (layer F.Fab)
      (effects (font (size 0.4 0.4) (thickness 0.06)))
    )
    (pad 1 smd roundrect (at -0.775 0) (size 0.9 0.95) (layers F.Cu F.Paste F.Mask) (roundrect_rratio 0.25)
      (net 4 +3.3VA))
    (pad 2 smd roundrect (at 0.775 0) (size 0.9 0.95) (layers F.Cu F.Paste F.Mask) (roundrect_rratio 0.25)
      (net 2 GND))
    (model ${KISYS3DMOD}/Capacitor_SMD.3dshapes/C_0603_1608Metric.wrl
      (at (xyz 0 0 0))
      (scale (xyz 1 1 1))
      (rotate (xyz 0 0 0))
    )
  )

  (module Connector_Molex:Molex_PicoBlade_53398-0571_1x05-1MP_P1.25mm_Vertical (layer F.Cu) (tedit 5B78AD88) (tstamp 63892859)
    (at 82.6 64.7 90)
    (descr "Molex PicoBlade series connector, 53398-0571 (http://www.molex.com/pdm_docs/sd/533980271_sd.pdf), generated with kicad-footprint-generator")
    (tags "connector Molex PicoBlade side entry")
    (path /62CAEE1A/62E63DA5)
    (attr smd)
    (fp_text reference J4 (at 0 -3.1 90) (layer F.SilkS)
      (effects (font (size 1 1) (thickness 0.15)))
    )
    (fp_text value Conn_01x05 (at 0 4.2 90) (layer F.Fab)
      (effects (font (size 1 1) (thickness 0.15)))
    )
    (fp_line (start -4 -1.1) (end 4 -1.1) (layer F.Fab) (width 0.1))
    (fp_line (start -4.11 -0.26) (end -4.11 -1.21) (layer F.SilkS) (width 0.12))
    (fp_line (start -4.11 -1.21) (end -3.16 -1.21) (layer F.SilkS) (width 0.12))
    (fp_line (start -3.16 -1.21) (end -3.16 -1.9) (layer F.SilkS) (width 0.12))
    (fp_line (start 4.11 -0.26) (end 4.11 -1.21) (layer F.SilkS) (width 0.12))
    (fp_line (start 4.11 -1.21) (end 3.16 -1.21) (layer F.SilkS) (width 0.12))
    (fp_line (start -3.74 2.71) (end 3.74 2.71) (layer F.SilkS) (width 0.12))
    (fp_line (start -4 2.6) (end 4 2.6) (layer F.Fab) (width 0.1))
    (fp_line (start -4 -1.1) (end -4 2.6) (layer F.Fab) (width 0.1))
    (fp_line (start 4 -1.1) (end 4 2.6) (layer F.Fab) (width 0.1))
    (fp_line (start -2.65 1.225) (end -2.65 1.825) (layer F.Fab) (width 0.1))
    (fp_line (start -2.65 1.825) (end -2.35 1.825) (layer F.Fab) (width 0.1))
    (fp_line (start -2.35 1.825) (end -2.35 1.225) (layer F.Fab) (width 0.1))
    (fp_line (start -2.35 1.225) (end -2.65 1.225) (layer F.Fab) (width 0.1))
    (fp_line (start -1.4 1.225) (end -1.4 1.825) (layer F.Fab) (width 0.1))
    (fp_line (start -1.4 1.825) (end -1.1 1.825) (layer F.Fab) (width 0.1))
    (fp_line (start -1.1 1.825) (end -1.1 1.225) (layer F.Fab) (width 0.1))
    (fp_line (start -1.1 1.225) (end -1.4 1.225) (layer F.Fab) (width 0.1))
    (fp_line (start -0.15 1.225) (end -0.15 1.825) (layer F.Fab) (width 0.1))
    (fp_line (start -0.15 1.825) (end 0.15 1.825) (layer F.Fab) (width 0.1))
    (fp_line (start 0.15 1.825) (end 0.15 1.225) (layer F.Fab) (width 0.1))
    (fp_line (start 0.15 1.225) (end -0.15 1.225) (layer F.Fab) (width 0.1))
    (fp_line (start 1.1 1.225) (end 1.1 1.825) (layer F.Fab) (width 0.1))
    (fp_line (start 1.1 1.825) (end 1.4 1.825) (layer F.Fab) (width 0.1))
    (fp_line (start 1.4 1.825) (end 1.4 1.225) (layer F.Fab) (width 0.1))
    (fp_line (start 1.4 1.225) (end 1.1 1.225) (layer F.Fab) (width 0.1))
    (fp_line (start 2.35 1.225) (end 2.35 1.825) (layer F.Fab) (width 0.1))
    (fp_line (start 2.35 1.825) (end 2.65 1.825) (layer F.Fab) (width 0.1))
    (fp_line (start 2.65 1.825) (end 2.65 1.225) (layer F.Fab) (width 0.1))
    (fp_line (start 2.65 1.225) (end 2.35 1.225) (layer F.Fab) (width 0.1))
    (fp_line (start -4 2.6) (end -5.5 2.6) (layer F.Fab) (width 0.1))
    (fp_line (start -5.5 2.6) (end -5.7 2.4) (layer F.Fab) (width 0.1))
    (fp_line (start -5.7 2.4) (end -5.7 0.6) (layer F.Fab) (width 0.1))
    (fp_line (start -5.7 0.6) (end -5.5 0.4) (layer F.Fab) (width 0.1))
    (fp_line (start -5.5 0.4) (end -5.5 -0.2) (layer F.Fab) (width 0.1))
    (fp_line (start -5.5 -0.2) (end -4 -0.2) (layer F.Fab) (width 0.1))
    (fp_line (start 4 2.6) (end 5.5 2.6) (layer F.Fab) (width 0.1))
    (fp_line (start 5.5 2.6) (end 5.7 2.4) (layer F.Fab) (width 0.1))
    (fp_line (start 5.7 2.4) (end 5.7 0.6) (layer F.Fab) (width 0.1))
    (fp_line (start 5.7 0.6) (end 5.5 0.4) (layer F.Fab) (width 0.1))
    (fp_line (start 5.5 0.4) (end 5.5 -0.2) (layer F.Fab) (width 0.1))
    (fp_line (start 5.5 -0.2) (end 4 -0.2) (layer F.Fab) (width 0.1))
    (fp_line (start -6.6 -2.4) (end -6.6 3.5) (layer F.CrtYd) (width 0.05))
    (fp_line (start -6.6 3.5) (end 6.6 3.5) (layer F.CrtYd) (width 0.05))
    (fp_line (start 6.6 3.5) (end 6.6 -2.4) (layer F.CrtYd) (width 0.05))
    (fp_line (start 6.6 -2.4) (end -6.6 -2.4) (layer F.CrtYd) (width 0.05))
    (fp_line (start -3 -1.1) (end -2.5 -0.392893) (layer F.Fab) (width 0.1))
    (fp_line (start -2.5 -0.392893) (end -2 -1.1) (layer F.Fab) (width 0.1))
    (fp_text user %R (at 0 0.4 90) (layer F.Fab)
      (effects (font (size 1 1) (thickness 0.15)))
    )
    (pad 1 smd roundrect (at -2.5 -1.25 90) (size 0.8 1.3) (layers F.Cu F.Paste F.Mask) (roundrect_rratio 0.25)
      (net 1 +3V3))
    (pad 2 smd roundrect (at -1.25 -1.25 90) (size 0.8 1.3) (layers F.Cu F.Paste F.Mask) (roundrect_rratio 0.25)
      (net 2 GND))
    (pad 3 smd roundrect (at 0 -1.25 90) (size 0.8 1.3) (layers F.Cu F.Paste F.Mask) (roundrect_rratio 0.25)
      (net 13 USART_EXTERN_RX))
    (pad 4 smd roundrect (at 1.25 -1.25 90) (size 0.8 1.3) (layers F.Cu F.Paste F.Mask) (roundrect_rratio 0.25)
      (net 14 USART_EXTERN_TX))
    (pad 5 smd roundrect (at 2.5 -1.25 90) (size 0.8 1.3) (layers F.Cu F.Paste F.Mask) (roundrect_rratio 0.25)
      (net 15 USART_EXTERN_CLK))
    (pad MP smd roundrect (at -5.05 1.5 90) (size 2.1 3) (layers F.Cu F.Paste F.Mask) (roundrect_rratio 0.119048))
    (pad MP smd roundrect (at 5.05 1.5 90) (size 2.1 3) (layers F.Cu F.Paste F.Mask) (roundrect_rratio 0.119048))
    (model ${KISYS3DMOD}/Connector_Molex.3dshapes/Molex_PicoBlade_53398-0571_1x05-1MP_P1.25mm_Vertical.wrl
      (at (xyz 0 0 0))
      (scale (xyz 1 1 1))
      (rotate (xyz 0 0 0))
    )
  )

  (module Capacitor_SMD:C_0603_1608Metric (layer F.Cu) (tedit 5F68FEEE) (tstamp 6389274E)
    (at 65.325 56.85 90)
    (descr "Capacitor SMD 0603 (1608 Metric), square (rectangular) end terminal, IPC_7351 nominal, (Body size source: IPC-SM-782 page 76, https://www.pcb-3d.com/wordpress/wp-content/uploads/ipc-sm-782a_amendment_1_and_2.pdf), generated with kicad-footprint-generator")
    (tags capacitor)
    (path /62CAEE1A/62DF6BC8)
    (attr smd)
    (fp_text reference C11 (at 0 -1.43 90) (layer F.SilkS)
      (effects (font (size 1 1) (thickness 0.15)))
    )
    (fp_text value 100n (at 0 1.43 90) (layer F.Fab)
      (effects (font (size 1 1) (thickness 0.15)))
    )
    (fp_line (start 1.48 0.73) (end -1.48 0.73) (layer F.CrtYd) (width 0.05))
    (fp_line (start 1.48 -0.73) (end 1.48 0.73) (layer F.CrtYd) (width 0.05))
    (fp_line (start -1.48 -0.73) (end 1.48 -0.73) (layer F.CrtYd) (width 0.05))
    (fp_line (start -1.48 0.73) (end -1.48 -0.73) (layer F.CrtYd) (width 0.05))
    (fp_line (start -0.14058 0.51) (end 0.14058 0.51) (layer F.SilkS) (width 0.12))
    (fp_line (start -0.14058 -0.51) (end 0.14058 -0.51) (layer F.SilkS) (width 0.12))
    (fp_line (start 0.8 0.4) (end -0.8 0.4) (layer F.Fab) (width 0.1))
    (fp_line (start 0.8 -0.4) (end 0.8 0.4) (layer F.Fab) (width 0.1))
    (fp_line (start -0.8 -0.4) (end 0.8 -0.4) (layer F.Fab) (width 0.1))
    (fp_line (start -0.8 0.4) (end -0.8 -0.4) (layer F.Fab) (width 0.1))
    (fp_text user %R (at 0 -0.365001 90) (layer F.Fab)
      (effects (font (size 0.4 0.4) (thickness 0.06)))
    )
    (pad 2 smd roundrect (at 0.775 0 90) (size 0.9 0.95) (layers F.Cu F.Paste F.Mask) (roundrect_rratio 0.25)
      (net 2 GND))
    (pad 1 smd roundrect (at -0.775 0 90) (size 0.9 0.95) (layers F.Cu F.Paste F.Mask) (roundrect_rratio 0.25)
      (net 1 +3V3))
    (model ${KISYS3DMOD}/Capacitor_SMD.3dshapes/C_0603_1608Metric.wrl
      (at (xyz 0 0 0))
      (scale (xyz 1 1 1))
      (rotate (xyz 0 0 0))
    )
  )

  (module Capacitor_SMD:C_0603_1608Metric (layer F.Cu) (tedit 5F68FEEE) (tstamp 63892770)
    (at 63.725 56.85 90)
    (descr "Capacitor SMD 0603 (1608 Metric), square (rectangular) end terminal, IPC_7351 nominal, (Body size source: IPC-SM-782 page 76, https://www.pcb-3d.com/wordpress/wp-content/uploads/ipc-sm-782a_amendment_1_and_2.pdf), generated with kicad-footprint-generator")
    (tags capacitor)
    (path /62CAEE1A/62DF6BC0)
    (attr smd)
    (fp_text reference C13 (at 0 -1.43 90) (layer F.SilkS)
      (effects (font (size 1 1) (thickness 0.15)))
    )
    (fp_text value 4.7u (at -1.1 1.875 90) (layer F.Fab)
      (effects (font (size 1 1) (thickness 0.15)))
    )
    (fp_line (start 1.48 0.73) (end -1.48 0.73) (layer F.CrtYd) (width 0.05))
    (fp_line (start 1.48 -0.73) (end 1.48 0.73) (layer F.CrtYd) (width 0.05))
    (fp_line (start -1.48 -0.73) (end 1.48 -0.73) (layer F.CrtYd) (width 0.05))
    (fp_line (start -1.48 0.73) (end -1.48 -0.73) (layer F.CrtYd) (width 0.05))
    (fp_line (start -0.14058 0.51) (end 0.14058 0.51) (layer F.SilkS) (width 0.12))
    (fp_line (start -0.14058 -0.51) (end 0.14058 -0.51) (layer F.SilkS) (width 0.12))
    (fp_line (start 0.8 0.4) (end -0.8 0.4) (layer F.Fab) (width 0.1))
    (fp_line (start 0.8 -0.4) (end 0.8 0.4) (layer F.Fab) (width 0.1))
    (fp_line (start -0.8 -0.4) (end 0.8 -0.4) (layer F.Fab) (width 0.1))
    (fp_line (start -0.8 0.4) (end -0.8 -0.4) (layer F.Fab) (width 0.1))
    (fp_text user %R (at 0 0 90) (layer F.Fab)
      (effects (font (size 0.4 0.4) (thickness 0.06)))
    )
    (pad 2 smd roundrect (at 0.775 0 90) (size 0.9 0.95) (layers F.Cu F.Paste F.Mask) (roundrect_rratio 0.25)
      (net 2 GND))
    (pad 1 smd roundrect (at -0.775 0 90) (size 0.9 0.95) (layers F.Cu F.Paste F.Mask) (roundrect_rratio 0.25)
      (net 1 +3V3))
    (model ${KISYS3DMOD}/Capacitor_SMD.3dshapes/C_0603_1608Metric.wrl
      (at (xyz 0 0 0))
      (scale (xyz 1 1 1))
      (rotate (xyz 0 0 0))
    )
  )

  (module Capacitor_SMD:C_0603_1608Metric (layer F.Cu) (tedit 5F68FEEE) (tstamp 63892792)
    (at 84.63 73.55 270)
    (descr "Capacitor SMD 0603 (1608 Metric), square (rectangular) end terminal, IPC_7351 nominal, (Body size source: IPC-SM-782 page 76, https://www.pcb-3d.com/wordpress/wp-content/uploads/ipc-sm-782a_amendment_1_and_2.pdf), generated with kicad-footprint-generator")
    (tags capacitor)
    (path /62CAEE1A/62E8BCED)
    (attr smd)
    (fp_text reference C15 (at 0 -1.43 90) (layer F.SilkS)
      (effects (font (size 1 1) (thickness 0.15)))
    )
    (fp_text value 1u (at 0 1.43 90) (layer F.Fab)
      (effects (font (size 1 1) (thickness 0.15)))
    )
    (fp_line (start -0.8 0.4) (end -0.8 -0.4) (layer F.Fab) (width 0.1))
    (fp_line (start -0.8 -0.4) (end 0.8 -0.4) (layer F.Fab) (width 0.1))
    (fp_line (start 0.8 -0.4) (end 0.8 0.4) (layer F.Fab) (width 0.1))
    (fp_line (start 0.8 0.4) (end -0.8 0.4) (layer F.Fab) (width 0.1))
    (fp_line (start -0.14058 -0.51) (end 0.14058 -0.51) (layer F.SilkS) (width 0.12))
    (fp_line (start -0.14058 0.51) (end 0.14058 0.51) (layer F.SilkS) (width 0.12))
    (fp_line (start -1.48 0.73) (end -1.48 -0.73) (layer F.CrtYd) (width 0.05))
    (fp_line (start -1.48 -0.73) (end 1.48 -0.73) (layer F.CrtYd) (width 0.05))
    (fp_line (start 1.48 -0.73) (end 1.48 0.73) (layer F.CrtYd) (width 0.05))
    (fp_line (start 1.48 0.73) (end -1.48 0.73) (layer F.CrtYd) (width 0.05))
    (fp_text user %R (at 0 0 90) (layer F.Fab)
      (effects (font (size 0.4 0.4) (thickness 0.06)))
    )
    (pad 1 smd roundrect (at -0.775 0 270) (size 0.9 0.95) (layers F.Cu F.Paste F.Mask) (roundrect_rratio 0.25)
      (net 1 +3V3))
    (pad 2 smd roundrect (at 0.775 0 270) (size 0.9 0.95) (layers F.Cu F.Paste F.Mask) (roundrect_rratio 0.25)
      (net 2 GND))
    (model ${KISYS3DMOD}/Capacitor_SMD.3dshapes/C_0603_1608Metric.wrl
      (at (xyz 0 0 0))
      (scale (xyz 1 1 1))
      (rotate (xyz 0 0 0))
    )
  )

  (module Capacitor_SMD:C_0603_1608Metric (layer F.Cu) (tedit 5F68FEEE) (tstamp 6389273D)
    (at 76.525 56.125)
    (descr "Capacitor SMD 0603 (1608 Metric), square (rectangular) end terminal, IPC_7351 nominal, (Body size source: IPC-SM-782 page 76, https://www.pcb-3d.com/wordpress/wp-content/uploads/ipc-sm-782a_amendment_1_and_2.pdf), generated with kicad-footprint-generator")
    (tags capacitor)
    (path /62CAEE1A/62CC5C6E)
    (attr smd)
    (fp_text reference C10 (at 0 -1.43) (layer F.SilkS)
      (effects (font (size 1 1) (thickness 0.15)))
    )
    (fp_text value 10n (at 0 1.43) (layer F.Fab)
      (effects (font (size 1 1) (thickness 0.15)))
    )
    (fp_line (start 1.48 0.73) (end -1.48 0.73) (layer F.CrtYd) (width 0.05))
    (fp_line (start 1.48 -0.73) (end 1.48 0.73) (layer F.CrtYd) (width 0.05))
    (fp_line (start -1.48 -0.73) (end 1.48 -0.73) (layer F.CrtYd) (width 0.05))
    (fp_line (start -1.48 0.73) (end -1.48 -0.73) (layer F.CrtYd) (width 0.05))
    (fp_line (start -0.14058 0.51) (end 0.14058 0.51) (layer F.SilkS) (width 0.12))
    (fp_line (start -0.14058 -0.51) (end 0.14058 -0.51) (layer F.SilkS) (width 0.12))
    (fp_line (start 0.8 0.4) (end -0.8 0.4) (layer F.Fab) (width 0.1))
    (fp_line (start 0.8 -0.4) (end 0.8 0.4) (layer F.Fab) (width 0.1))
    (fp_line (start -0.8 -0.4) (end 0.8 -0.4) (layer F.Fab) (width 0.1))
    (fp_line (start -0.8 0.4) (end -0.8 -0.4) (layer F.Fab) (width 0.1))
    (fp_text user %R (at -0.315001 0) (layer F.Fab)
      (effects (font (size 0.4 0.4) (thickness 0.06)))
    )
    (pad 2 smd roundrect (at 0.775 0) (size 0.9 0.95) (layers F.Cu F.Paste F.Mask) (roundrect_rratio 0.25)
      (net 2 GND))
    (pad 1 smd roundrect (at -0.775 0) (size 0.9 0.95) (layers F.Cu F.Paste F.Mask) (roundrect_rratio 0.25)
      (net 4 +3.3VA))
    (model ${KISYS3DMOD}/Capacitor_SMD.3dshapes/C_0603_1608Metric.wrl
      (at (xyz 0 0 0))
      (scale (xyz 1 1 1))
      (rotate (xyz 0 0 0))
    )
  )

  (module Crystal:Crystal_SMD_3225-4Pin_3.2x2.5mm (layer F.Cu) (tedit 5A0FD1B2) (tstamp 63892B0E)
    (at 77.216 62.23)
    (descr "SMD Crystal SERIES SMD3225/4 http://www.txccrystal.com/images/pdf/7m-accuracy.pdf, 3.2x2.5mm^2 package")
    (tags "SMD SMT crystal")
    (path /62CAEE1A/62CCA2F9)
    (attr smd)
    (fp_text reference Y1 (at 0 -2.45) (layer F.SilkS)
      (effects (font (size 1 1) (thickness 0.15)))
    )
    (fp_text value Crystal_GND24 (at 0 2.45) (layer F.Fab)
      (effects (font (size 1 1) (thickness 0.15)))
    )
    (fp_line (start -1.6 -1.25) (end -1.6 1.25) (layer F.Fab) (width 0.1))
    (fp_line (start -1.6 1.25) (end 1.6 1.25) (layer F.Fab) (width 0.1))
    (fp_line (start 1.6 1.25) (end 1.6 -1.25) (layer F.Fab) (width 0.1))
    (fp_line (start 1.6 -1.25) (end -1.6 -1.25) (layer F.Fab) (width 0.1))
    (fp_line (start -1.6 0.25) (end -0.6 1.25) (layer F.Fab) (width 0.1))
    (fp_line (start -2 -1.65) (end -2 1.65) (layer F.SilkS) (width 0.12))
    (fp_line (start -2 1.65) (end 2 1.65) (layer F.SilkS) (width 0.12))
    (fp_line (start -2.1 -1.7) (end -2.1 1.7) (layer F.CrtYd) (width 0.05))
    (fp_line (start -2.1 1.7) (end 2.1 1.7) (layer F.CrtYd) (width 0.05))
    (fp_line (start 2.1 1.7) (end 2.1 -1.7) (layer F.CrtYd) (width 0.05))
    (fp_line (start 2.1 -1.7) (end -2.1 -1.7) (layer F.CrtYd) (width 0.05))
    (pad 1 smd rect (at -1.1 0.85) (size 1.4 1.2) (layers F.Cu F.Paste F.Mask)
      (net 3 HS_OSC_IN))
    (pad 2 smd rect (at 1.1 0.85) (size 1.4 1.2) (layers F.Cu F.Paste F.Mask)
      (net 2 GND))
    (pad 3 smd rect (at 1.1 -0.85) (size 1.4 1.2) (layers F.Cu F.Paste F.Mask)
      (net 5 "Net-(C12-Pad1)"))
    (pad 4 smd rect (at -1.1 -0.85) (size 1.4 1.2) (layers F.Cu F.Paste F.Mask)
      (net 2 GND))
    (model ${KISYS3DMOD}/Crystal.3dshapes/Crystal_SMD_3225-4Pin_3.2x2.5mm.wrl
      (at (xyz 0 0 0))
      (scale (xyz 1 1 1))
      (rotate (xyz 0 0 0))
    )
  )

  (module Resistor_SMD:R_0603_1608Metric (layer F.Cu) (tedit 5F68FEEE) (tstamp 6389293D)
    (at 76.708 59.69 180)
    (descr "Resistor SMD 0603 (1608 Metric), square (rectangular) end terminal, IPC_7351 nominal, (Body size source: IPC-SM-782 page 72, https://www.pcb-3d.com/wordpress/wp-content/uploads/ipc-sm-782a_amendment_1_and_2.pdf), generated with kicad-footprint-generator")
    (tags resistor)
    (path /62CAEE1A/62CCA310)
    (attr smd)
    (fp_text reference R3 (at 0 -1.43) (layer F.SilkS)
      (effects (font (size 1 1) (thickness 0.15)))
    )
